ticker , target_price , growth_potential , comment , rating , average_net_profit_yearly(3) , cash-debt , market_cap
GME , 19.25 , -0.98 ,  ,  , 7171.6955352342901227704332570965 , -22493.4 , 1596980.0
ALC , 0.16 , -0.97 ,  ,  , 3613.267605631044025598323779711 , 3566.3 , 952000.0
TRR , 0.04 , -0.96 ,  ,  , 419.658829735031286177290172067875 , 1160.4 , 113500.0
NTS , 0.21 , -0.96 ,  ,  , -81.01691038497755765549562315025 , 872.1 , 5681.0
WPL , 2.65 , -0.95 ,  ,  , 51934.878313114386133170312315681375 , -324417.2 , 1702587.3984
MDI , 0.21 , -0.94 ,  ,  , 2290.23289830106864986340963250725 , -8173.2 , 161379.771
CTS , 0.85 , -0.94 ,  ,  , 19483.905451289492728501207038505125 , -123678.3 , 429896.0
AGO , 0.83 , -0.93 ,  ,  , -16539.848590703560163691360376622625 , 166588.4 , 528692.43185
INB , 0.03 , -0.93 ,  ,  , 30.25997125974719250632829309525 , -61.1 , 3059.0235
ECK , 0.04 , -0.92 ,  ,  , 548.9308558572582861368811027865 , -3047.9 , 15399.36891
KLN , 0.08 , -0.92 ,  ,  , 719.85956599725124948238031028475 , -3647.5 , 23430.0
YAN , 4.46 , -0.91 ,  ,  , 717.143170350983148909225661536875 , -1082.2 , 51500.0
FOR , 0.4 , -0.91 ,  ,  , 1290.614460666421569555735672861375 , 1040.0 , 122944.0
PRT , 0.45 , -0.9 ,  ,  , 3615.029636026632595169273386585 , -19384.6 , 82743.96
IF4 , 0.16 , -0.9 ,  ,  , 194.138974920177900520607100099 , 645.2 , 22028.16
SCS , 0.05 , -0.9 ,  ,  , 90.82613991196760512155572143425 , 1329.8 , 20254.885
PJP , 2.23 , -0.89 ,  ,  , 3630.425361768134306852615625012375 , -14717.6 , 119654.32
DNP , 12.94 , -0.89 ,  ,  , 271409.851502239713135436800892875 , -826665.9 , 11862840.0
CDR , 21.21 , -0.89 ,  ,  , 182936.2189857339452103220236089545 , 626390.8 , 19224000.0
ICA , 0.14 , -0.88 ,  ,  , 525.713776466237544465401232753 , -2558.5 , 13172.16
ORN , 0.86 , -0.88 ,  ,  , 6974.9559951501418458615299478555 , -44547.6 , 79549.932
RCA , 0.05 , -0.88 ,  ,  , 89.424845993356932651187471344 , -171.5 , 4448.35
AUX , 0.5 , -0.86 ,  ,  , 416.07122815090271389141447015725 , -932.3 , 15626.4714
TSG , 0.49 , -0.85 ,  ,  , -1756.349347789714393740834054734625 , 19176.7 , 38136.0
SNT , 2.09 , -0.85 ,  ,  , 3529.345307363531985530331828139 , -9434.6 , 117275.52375
DOM , 13.36 , -0.84 ,  ,  , 190003.526768306708000857692307071875 , -1132248.2 , 2030542.182
APE , 0.4 , -0.84 ,  ,  , 2950.6183284523225637104715936875 , -11614.1 , 71873.0097
OUT , 0.1 , -0.84 ,  ,  , 117.9878373513188286894983175225 , 122.0 , 6405.0
AOL , 8.88 , -0.83 ,  ,  , 1087.803472798923283351309179905 , 2242.7 , 61688.348
SLV , 10.8 , -0.82 ,  ,  , 5819.23928543459480308395435208275 , 127570.8 , 964662.2316
VST , 0.8 , -0.81 ,  ,  , 46975.115616771630137941877397913125 , -175599.9 , 1008160.112
ITL , 0.4 , -0.81 ,  ,  , 242.36773214030388290520998309025 , 876.9 , 14266.5432
CAR , 40.98 , -0.81 ,  ,  , 251977.441234588598492605201446 , -1365162.8 , 3017805.3
THD , 1.73 , -0.79 ,  ,  , 181.84048891941740451089152329 , 1157.3 , 12400.92
RDG , 0.2 , -0.76 ,  ,  , -76.531293156012126016555580864 , 2993.5 , 9785.7083
PME , 3.12 , -0.75 ,  ,  , 5437.8310968857941749575868831885 , -1458.7 , 162500.0
CLN , 11.4 , -0.73 ,  ,  , 32127.908956727611940181738188932875 , 264844.1 , 1890000.0
BKM , 19.12 , -0.72 ,  ,  , 29629.967366132535360428509451071 , -120134.8 , 384088.4632
BFT , 266.6 , -0.72 ,  ,  , 101662.8001073992993432452447086865 , -22841.5 , 2710182.216
QUB , 0.87 , -0.7 ,  ,  , 848.676354824550064052598217132 , 1988.2 , 28478.0
KPI , 0.67 , -0.7 ,  ,  , 827.64598845554492641898309120725 , 260.5 , 22135.68
BEP , 0.22 , -0.68 ,  ,  , 1470.678767815074054366068016292 , 7155.7 , 56278.89984
APR , 1.45 , -0.67 ,  ,  , 46964.898175355548606632071906845 , -174258.4 , 569947.5
NET , 1.67 , -0.67 ,  ,  , 32150.566317880913523858989998129375 , 313250.3 , 1708093.77096
PLW , 59.33 , -0.67 ,  ,  , 41722.75588002264628976215178322 , 69382.2 , 1191300.0
ART , 1.79 , -0.67 ,  ,  , 1381.78715456178871085075870316375 , 10616.4 , 64719.68
11B , 135.94 , -0.66 ,  ,  , 33125.07120161225895705794383068375 , 55133.0 , 908018.003
LAB , 4.12 , -0.65 ,  ,  , 3434.965357954561391795271441312 , -11615.2 , 42325.92
PCE , 5.05 , -0.64 ,  ,  , 62681.03175041614026335439162773625 , -104984.7 , 1057500.0
OPN , 10.05 , -0.63 ,  ,  , 19131.77985446202737854337272867425 , -7672.2 , 379059.2
ZWC , 190.45 , -0.62 ,  ,  , 342417.216006901360792914411877199625 , -687911.5 , 5187025.185
SPH , 3.27 , -0.61 ,  ,  , 95408.784842797114839847839226389 , -296516.0 , 1118822.5617
GEN , 8.86 , -0.61 ,  ,  , 1022.071711395961565286664189286 , 3815.4 , 30389.923
MRS , 1.19 , -0.61 ,  ,  , 1899.0491300292060126107728202475 , -2192.6 , 32338.7526
MZN , 0.39 , -0.6 ,  ,  , 1697.53049176543066207658581479 , 3543.9 , 41628.65658
MBR , 24.32 , -0.6 ,  ,  , 9300.247040447479231870236494805 , 16021.9 , 220294.485
APT , 10.38 , -0.6 ,  ,  , 58575.0803215090901310913399867 , -108586.1 , 854161.3224
EBX , 0.2 , -0.6 ,  ,  , 1346.070579976787036252573117691 , -1715.1 , 22065.0
EHG , 2.44 , -0.6 ,  ,  , -32084.683573434577240333355602299 , 730079.3 , 1204906.16
SKA , 35.49 , -0.6 ,  ,  , 56178.4350874417438261776236383 , 14041.0 , 1116673.353
RBS , 2.69 , -0.6 ,  ,  , 877.588615893174237268516512649125 , -1750.5 , 12722.0656
TOA , 2.95 , -0.59 ,  ,  , 39629.21064855497969910319967742075 , -84584.7 , 540304.0272
CLC , 0.82 , -0.58 ,  ,  , 4848.91699406471904230306831835 , -4094.1 , 78935.76015
ACK , 4.6 , -0.58 ,  ,  , 785.09112294423145326545528098425 , -1462.7 , 11000.0
ATD , 1.68 , -0.56 ,  ,  , 13393.6013554282025497070974302255 , -42236.6 , 139921.8744
VGO , 137.82 , -0.56 ,  ,  , 12945.40300718347949961528731667125 , 513.0 , 228177.0
RSP , 0.47 , -0.55 ,  ,  , -23.8868314830338616867783033435 , 2090.6 , 4252.5
CMR , 83.63 , -0.55 ,  ,  , 70440.080060107420743106816516628 , 136247.6 , 1508736.2395
FMF , 2.13 , -0.54 ,  ,  , 126507.259344389117035411933472907 , 249575.3 , 2678396.56792
FRO , 6.82 , -0.54 ,  ,  , 27791.88462802635012698047008792 , -69737.4 , 316515.5595
KPL , 5.66 , -0.53 ,  ,  , 24049.67709914165170805174381091 , -73480.0 , 240830.0586
ABS , 14.21 , -0.53 ,  ,  , 59174.31769169636530305906957380225 , 18015.0 , 1002545.79
IUS , 1.04 , -0.53 ,  ,  , 650.52847839750997186925080749875 , 835.3 , 12441.0
LTS , 39.79 , -0.52 ,  ,  , 1222933.886066208136013907442084277625 , -2087840.0 , 15418438.3908
ABK , 0.99 , -0.51 ,  ,  , 295.7356865444739367485760107745 , 391.2 , 5389.52
VOX , 13.08 , -0.5 ,  ,  , 20659.745644602654032752156498855 , -22184.4 , 273067.6
RBW , 12.21 , -0.48 ,  ,  , 29183.06507633433551572643687417625 , -47657.8 , 341972.0
CSR , 12.05 , -0.48 ,  ,  , 1802.910546122070975562376731532 , 9836.5 , 45364.579
1AT , 21.15 , -0.47 ,  ,  , 202941.4226556461916451810001186465 , -748366.7 , 1548584.4
NTU , 20.07 , -0.47 ,  ,  , 29699.672445590782695963887491876 , -72636.8 , 295104.6
ENP , 0.61 , -0.47 ,  ,  , 967.66150953176314302431446188 , 4621.5 , 22628.2303
BLO , 24.48 , -0.46 ,  ,  , 5394.30812652063868574974042518975 , 1608.6 , 80412.1045
EXA , 2.23 , -0.43 ,  ,  , 266.43298376553262803169908685625 , 1176.4 , 5713.0
MNC , 13.91 , -0.42 ,  ,  , 72605.71877922284709289830641973 , 150544.0 , 1227314.304
KTY , 190.95 , -0.41 ,  ,  , 280023.6881808862968519243985973625 , -339562.4 , 3078406.6575
AMC , 88.27 , -0.4 ,  ,  , 126839.55980849795865669733894238 , -293136.1 , 1135189.858
CDL , 17.72 , -0.4 ,  ,  , 17295.7243966482878575286548972095 , -26284.3 , 178003.5936
ARA , 1.51 , -0.4 ,  ,  , 851.223185282166195653545580763125 , 3044.6 , 15950.0
BBA , 2.08 , -0.39 ,  ,  , 546.7772362642381807491805350405 , 4301.1 , 13938.3
ACG , 30.9 , -0.38 ,  ,  , 36696.713914302753302524041020752625 , 19341.3 , 487847.4234
ALL , 5.86 , -0.38 ,  ,  , 8229.665899136204626971059055456 , 8859.0 , 116635.95776
ORB , 58.79 , -0.36 ,  ,  , 251217.838192603359815337398606568 , 768921.4 , 4211438.5312
PSW , 6.91 , -0.35 ,  ,  , 23440.339099634513102175003860255 , 15493.2 , 302801.93955
RPC , 22.33 , -0.35 ,  ,  , 20168.111309063875475856231497934875 , -15968.1 , 214079.4828
LVC , 18.92 , -0.31 ,  ,  , 58480.973483031372261981903297204375 , 35609.0 , 709412.5
PRS , 5.02 , -0.31 ,  ,  , 4041.30589366091910109167131750625 , 16488.6 , 68875.15225
BWO , 90.52 , -0.3 ,  ,  , 1356950.50122421818694349175841692025 , 762763.2 , 16019836.491
DCR , 11.24 , -0.3 ,  ,  , 14993.50708676976953313945393211975 , 2808.2 , 169280.36115
OPM , 4.54 , -0.3 ,  ,  , 3904.242286446761824604845624299 , 2967.3 , 47450.0
MXP , 0.62 , -0.3 ,  ,  , 340.04779035865535774355632775 , 1789.7 , 6298.67744
DKR , 6.27 , -0.29 ,  ,  , 1202.240368713695873177223476430375 , -2361.9 , 9715.2
IMC , 9.94 , -0.28 ,  ,  , 71950.512152183659568636327544634 , -225654.5 , 459515.3
MMC , 1.91 , -0.27 ,  ,  , 101.10671216510099003086243254 , 1264.5 , 2791.1338
WWL , 647.25 , -0.26 ,  ,  , 85947.112987325914497266960728326 , 307049.7 , 1319784.4
WTN , 12.5 , -0.25 ,  ,  , 30580.505023754551032196702429141 , -9164.4 , 303113.7174
PEM , 18.5 , -0.25 ,  ,  , 14438.414858248575430784513971863375 , -48142.7 , 84909.4712
OBL , 7.47 , -0.25 ,  ,  , 12438.270239682775256035309686583875 , 28326.6 , 164841.4251
CHP , 55.77 , -0.25 ,  ,  , 8818.108401942544589310027933613375 , 2807.8 , 95093.24
NTW , 3.49 , -0.24 , spekulacja , 1.0 , 346.26992523730628739986659909275 , 875.7 , 4683.3934
PCR , 66.84 , -0.24 ,  ,  , 204250.7458143731654451309060444195 , -250158.1 , 1747090.4
ATG , 3.38 , -0.23 ,  ,  , 30184.6211685396265735064403630345 , 52115.0 , 370920.0
VOT , 5.27 , -0.23 ,  ,  , 10034.7592691980288700937816782655 , -14187.8 , 82320.0
SON , 5.29 , -0.21 ,  ,  , 7904.73120524623262234190035416875 , 12996.7 , 93800.0
MEG , 9.7 , -0.2 ,  ,  , 3145.875035924026292056140104679 , 1909.9 , 32670.0
KSW , 32.8 , -0.2 ,  ,  , 90479.67223534451400671296646081625 , 55403.8 , 944763.6039
AMB , 12.0 , -0.18 ,  ,  , 39204.376856626388059210958931606 , -275.9 , 368017.0024
PGM , 1.54 , -0.18 ,  ,  , 1125.13062741319872057660256381375 , 7280.7 , 19413.78274
HDR , 29.02 , -0.18 ,  ,  , 8464.4696721145024183267649536025 , 4235.3 , 85379.48
WAX , 4.49 , -0.17 ,  ,  , 977.140899348524385675602415746875 , 7306.9 , 17991.61408
PGN , 5.21 , -0.17 ,  ,  , 2975036.33720920554092745836658875 , 7112100.0 , 36143359.430535
KRK , 206.26 , -0.16 ,  ,  , 666598.759654332262804255688818745375 , 1616724.8 , 8099981.656
ASE , 11.76 , -0.16 ,  ,  , 58507.92045374614165202658550010625 , 158261.5 , 726519.514
MGT , 55.94 , -0.15 ,  ,  , 55918.75362067332286090536534878125 , -58271.7 , 438001.6224
MPH , 5.04 , -0.15 ,  ,  , 10651.11766025145409576932638432175 , 26102.9 , 126850.0
WDB , 1.0 , -0.12 ,  ,  , 2278.7380395418681216208470701495 , 2704.7 , 22995.5
ESS , 2.02 , -0.09 ,  ,  , 6244.34173204120431271770295359 , 38452.0 , 95157.27414
RLP , 7.13 , -0.08 ,  ,  , 7164.506941771279317014278088115875 , 13197.6 , 74182.96996
5AH , 2.41 , -0.07 ,  ,  , 4080.162058497200884873668663634625 , 14355.7 , 49174.8
MEX , 3.73 , -0.05 ,  ,  , 3912.285018043795313707732027687 , -1589.6 , 30201.81784
IRL , 12.41 , -0.03 ,  ,  , 35372.5719458338842134055222974895 , -24939.4 , 255000.0
SFG , 10.29 , -0.03 ,  ,  , 45259.26679619288610555483548937125 , 20920.0 , 383400.0
SNK , 24.81 , -0.02 ,  ,  , 91304.66131465413425085026459429625 , -38171.5 , 682800.8188
MCP , 1.85 , -0.02 ,  ,  , 4800.02308360768841857584984728425 , -2926.1 , 34812.60552
BSC , 30.27 , -0.01 ,  ,  , 26000.631004361551360585178426132375 , 96102.3 , 300109.9896
EMU , 2.29 , -0.0 ,  ,  , 1790.96579778951658385060714367175 , 3413.0 , 17288.3318
ULM , 65.19 , 0.0 , moze , 1.0 , 25089.01567411040597527188074101575 , 148902.0 , 341616.08
QNT , 16.11 , 0.01 ,  ,  , 1653.127214118945634956144618769 , 8418.6 , 20972.1765
DBC , 87.38 , 0.03 ,  ,  , 95672.810897456158637043289041504375 , 467304.8 , 1175994.3
IFI , 2.9 , 0.04 ,  ,  , 1485.04698535544962635163525673325 , 7108.8 , 17920.0
AML , 46.8 , 0.05 ,  ,  , 89940.8518180662946966584819448125 , 29935.5 , 691159.36245
ETL , 22.84 , 0.06 ,  ,  , 11299.154573041259440344729014772 , -1656.2 , 80587.4825
ACR , 1.16 , 0.1 ,  ,  , 216.6445349400421705604692434885 , 1543.5 , 2913.75
PKN , 108.82 , 0.11 ,  ,  , 6440332.48746106041475651942065675 , -3186100.0 , 41761512.71604
VER , 1.79 , 0.12 , spekulacja , 4.0 , 358.373914241268409226423452639 , 1611.2 , 3911.1104
NVT , 49.43 , 0.13 ,  ,  , 12973.8779122779472863357608495445 , 23383.1 , 109000.0
TBL , 37.57 , 0.14 ,  ,  , 5886.06583370516891507015412924375 , -1800.2 , 38345.637
WAS , 1.94 , 0.15 ,  ,  , 13731.59754858794071601527358284375 , 70800.7 , 154106.875
SES , 40.78 , 0.15 ,  ,  , 9841.560294029621225233300496178125 , 9636.1 , 74340.0
TLX , 16.19 , 0.17 ,  ,  , 5127.7545402804553922567484783225 , 8971.0 , 41401.2696
SEK , 11.5 , 0.19 ,  ,  , 7560.6188093630158375739510192075 , 18108.1 , 64172.5
LEN , 4.21 , 0.21 ,  ,  , 9064.2566924432104801052083024675 , 34812.1 , 86565.174
ZAP , 123.75 , 0.24 ,  ,  , 196182.05887388603741997594092479425 , 850686.2 , 1911500.0
AIT , 0.63 , 0.26 , slaba oferta produktow , 0.0 , 940.86232191080383558273110779 , -106.9 , 5653.64
AQU , 20.35 , 0.26 , dla dywidendy , 1.0 , 10623.65056099131618523167122740325 , 182284.2 , 210389.3352
APN , 13.83 , 0.27 ,  ,  , 16694.0236915050613827344969078235 , 45249.9 , 137260.43
ETX , 5.15 , 0.28 ,  ,  , 2969.423705914587901290956690841 , 2803.1 , 20100.0
PTW , 26.49 , 0.32 , moze , 0.0 , 3354.3834164249681953120127726025 , 13091.4 , 29436.72
4FM , 15.74 , 0.41 , obserwowac , 1.0 , 7770.81746760645445585187171623375 , 4837.7 , 46136.9888
LTX , 10.06 , 0.42 , raczej slabe perspektywe i troche za drogie , 0.0 , 58283.531980694537988916754156024 , 41273.9 , 345917.17464
LGT , 0.46 , 0.44 , spekulacja , 1.0 , 223.27332475891058875060619522025 , 593.3 , 1602.888
KRU , 222.36 , 0.46 ,  ,  , 335276.085802929812358431731822281 , 1610837.0 , 2884023.6747
LSI , 16.65 , 0.46 ,  ,  , 6401.25838380913986090692323267575 , 4850.4 , 37172.6868
STX , 5.86 , 0.46 , sprawdzic czy nie wyprowadzaja kasy , 3.0 , 170330.06460538836670256448230466 , 133143.7 , 993993.33246
KOR , 3.48 , 0.53 , przeczytac raport; wyglada dobrze , 2.0 , 1842.310223257979536799536560281625 , 2944.6 , 11255.4936
MAD , 2.51 , 0.54 , sprawdzic , 2.0 , 1449.2143571841164334614575308795 , 1531.7 , 8263.6925
HEL , 14.63 , 0.55 , obserwowac , 0.0 , 9721.224353010994432589271831666 , -1939.2 , 47300.0
TLS , 21.96 , 0.56 , sprawdzic czy nie bedzie malec , 2.0 , 7494.6680655296328884468893792385 , 10579.2 , 43960.1199
PRD , 2.36 , 0.57 , nie wiem; moze , 0.0 , 1296.92304381858946009587335305875 , 11308.6 , 13528.5
INF , 6.8 , 0.67 , malo ciekawe ale moze , 0.0 , 5140.6529259435701243137004739105 , 59300.2 , 59130.652
STP , 562.92 , 0.7 ,  ,  , 321298.9364842413869230523988249185 , 660242.0 , 1852648.644
MON , 10.28 , 0.71 ,  ,  , 31241.763292059514555532373716477625 , 73039.4 , 183378.534
ODL , 5.72 , 0.73 , sprawdzic , 2.0 , 12968.756697946682121874305536525 , 18066.4 , 68191.5993
PRL , 24.25 , 0.73 , sprawdzic , 2.0 , 2707.2556945199881941493896446085 , 3345.4 , 14000.0
TRI , 4.36 , 0.74 ,  ,  , 265.0283452473488266440248387835 , 25719.2 , 15911.3075
MXC , 44.02 , 0.95 ,  ,  , 14355.633584670122388909127918393 , 8004.2 , 61020.0
MLB , 4.32 , 1.0 , jednorazowy zysk? sprawdzic , 2.0 , 2678.141593482169797837196719096875 , 9500.8 , 15091.8768
SKH , 35.53 , 1.05 ,  ,  , 24445.498082770666673373658050914 , 53609.9 , 118015.0121
NVV , 2.74 , 1.21 , sprawdzic , 1.0 , 2471.8740049757880494084231341975 , 3975.2 , 10443.125
AAT , 6.01 , 1.24 ,  ,  , 378.2130285523882725304058903625 , 88553.7 , 40769.0846
MDG , 80.92 , 1.51 ,  ,  , 34713.39952919529244383679830641375 , 23777.1 , 116130.1372
EDI , 5.19 , 1.54 , wyglada na umierajace , 0.0 , 2800.9959284959930718781581640585 , 42666.1 , 25268.84148
VOI , 149.19 , 1.57 , sprawdzic , 2.0 , 22264.525538650960891574596767217 , -4822.1 , 64960.58
EON , 18.68 , 1.75 , sprawdzic , 2.0 , 3324.231098211888132130146983628 , 12803.1 , 14003.7772
VIN , 21.47 , 1.8 , sprawdzic , 1.0 , 19612.1810309476342097929968859405 , 98486.7 , 89162.4
DNS , 1.67 , 1.88 , raczej nie , 0.0 , 1432.76519561990941617769952348 , 15065.7 , 9051.89354
01C , 2.94 , 1.94 ,  ,  , -793.356104541575063803175461273 , 23700.7 , 5983.326
